0 1
0 3
0 4
0 5
0 6
0 7
0 8
0 9
0 10
0 11
0 12
0 13
0 14
0 15
0 16
0 17
0 19
0 20
0 21
0 22
0 24
0 25
0 28
0 32
0 36
0 37
0 40
0 41
0 42
0 43
0 44
0 46
0 48
0 49
0 50
0 51
0 53
0 54
0 55
0 56
0 57
0 58
0 59
0 64
0 66
0 67
0 68
0 70
0 71
0 74
0 76
0 77
0 78
0 79
0 80
0 83
0 84
0 87
0 90
0 95
0 99
0 104
0 117
0 118
0 129
0 132
0 135
0 142
0 146
0 155
0 170
0 246
1 3
1 4
1 5
1 6
1 7
1 8
1 9
1 10
1 11
1 12
1 14
1 15
1 16
1 17
1 19
1 20
1 21
1 22
1 23
1 24
1 25
1 27
1 32
1 33
1 34
1 36
1 37
1 40
1 41
1 43
1 44
1 45
1 46
1 48
1 49
1 50
1 51
1 52
1 53
1 54
1 55
1 56
1 57
1 58
1 59
1 60
1 62
1 64
1 65
1 66
1 67
1 68
1 76
1 78
1 80
1 83
1 89
1 90
1 95
1 99
1 104
1 109
1 110
1 111
1 116
1 117
1 121
1 123
1 146
1 155
1 156
1 165
1 170
1 173
1 181
1 195
1 199
1 206
1 246
1 255
3 4
3 5
3 6
3 7
3 12
3 14
3 15
3 17
3 21
3 24
3 37
3 44
3 57
3 68
3 83
4 5
4 6
4 7
4 11
4 12
4 14
4 15
4 17
4 21
4 24
4 44
4 46
4 48
4 51
4 57
4 68
4 90
5 129
5 6
5 7
5 11
5 14
5 15
5 17
5 20
5 21
5 24
5 41
5 44
5 48
5 50
5 55
5 57
5 58
5 64
5 68
5 199
5 83
5 90
5 95
5 104
5 121
6 7
6 9
6 11
6 12
6 14
6 15
6 16
6 17
6 18
6 20
6 21
6 22
6 23
6 24
6 27
6 28
6 29
6 30
6 31
6 32
6 35
6 36
6 37
6 38
6 40
6 41
6 43
6 44
6 45
6 46
6 48
6 49
6 50
6 51
6 53
6 54
6 55
6 56
6 57
6 58
6 59
6 61
6 64
6 66
6 68
6 70
6 74
6 76
6 77
6 78
6 80
6 82
6 83
6 85
6 91
6 92
6 95
6 99
6 103
6 104
6 105
6 106
6 108
6 109
6 110
6 111
6 112
6 115
6 116
6 117
6 118
6 121
6 123
6 127
6 132
6 146
6 155
6 163
6 217
6 223
7 8
7 9
7 10
7 11
7 12
7 14
7 15
7 17
7 21
7 22
7 24
7 25
7 32
7 34
7 37
7 40
7 43
7 44
7 45
7 48
7 49
7 51
7 52
7 53
7 54
7 55
7 57
7 63
7 66
7 68
7 76
7 78
7 80
7 83
7 84
7 85
7 104
7 117
7 125
7 170
7 183
8 9
8 17
8 43
8 68
9 12
9 14
9 15
9 17
9 18
9 21
9 27
9 29
9 37
9 40
9 43
9 44
9 181
9 54
9 59
9 68
9 199
9 94
9 99
9 109
9 123
10 11
10 12
10 78
10 80
10 49
10 55
11 12
11 14
11 15
11 17
11 20
11 21
11 22
11 24
11 34
11 35
11 38
11 43
11 44
11 48
11 49
11 50
11 55
11 56
11 59
11 63
11 66
11 68
11 70
11 76
11 78
11 80
11 81
11 83
11 84
11 99
11 104
11 117
11 146
11 155
12 14
12 15
12 17
12 20
12 21
12 22
12 24
12 33
12 36
12 37
12 43
12 44
12 45
12 46
12 49
12 51
12 54
12 55
12 57
12 60
12 68
12 80
12 83
12 90
12 112
12 165
13 67
13 117
13 54
14 15
14 17
14 19
14 20
14 21
14 27
14 37
14 43
14 44
14 45
14 48
14 51
14 52
14 53
14 54
14 55
14 57
14 66
14 68
14 83
14 90
14 95
14 109
14 110
15 16
15 17
15 20
15 21
15 22
15 23
15 24
15 25
15 27
15 28
15 30
15 32
15 36
15 37
15 40
15 41
15 43
15 44
15 45
15 46
15 48
15 49
15 50
15 51
15 53
15 54
15 55
15 56
15 57
15 58
15 60
15 64
15 66
15 67
15 68
15 70
15 74
15 78
15 80
15 81
15 82
15 83
15 85
15 91
15 92
15 95
15 99
15 104
15 105
15 107
15 108
15 109
15 110
15 117
15 120
15 121
15 123
15 179
15 195
16 67
16 25
16 89
16 125
17 19
17 20
17 21
17 24
17 28
17 32
17 34
17 37
17 40
17 42
17 43
17 44
17 46
17 48
17 49
17 51
17 52
17 53
17 54
17 55
17 57
17 59
17 63
17 66
17 68
17 70
17 76
17 78
17 80
17 83
17 99
17 104
17 112
17 117
17 125
17 142
17 170
18 20
18 27
18 43
18 44
18 109
18 61
19 142
19 20
19 21
19 22
19 150
19 24
19 27
19 42
19 43
19 44
19 58
19 64
19 195
19 68
19 199
19 83
19 87
19 99
20 133
20 142
20 21
20 22
20 24
20 27
20 29
20 36
20 42
20 43
20 44
20 45
20 46
20 48
20 50
20 55
20 57
20 67
20 195
20 68
20 77
20 83
20 87
20 90
20 109
21 22
21 24
21 28
21 35
21 36
21 37
21 42
21 43
21 44
21 45
21 48
21 49
21 50
21 51
21 53
21 55
21 56
21 57
21 61
21 64
21 66
21 67
21 68
21 70
21 76
21 78
21 80
21 83
21 99
21 104
21 116
21 117
22 37
22 43
22 55
22 195
22 68
22 199
22 82
22 95
23 43
23 111
24 27
24 28
24 36
24 37
24 40
24 41
24 43
24 44
24 48
24 53
24 54
24 55
24 56
24 57
24 58
24 60
24 67
24 68
24 70
24 74
24 82
24 83
24 85
24 92
24 95
24 99
24 104
24 105
24 107
24 109
24 121
24 195
25 89
25 45
27 29
27 30
27 35
27 36
27 43
27 44
27 50
27 53
27 58
27 61
27 67
27 68
27 90
27 103
27 109
28 68
28 70
28 30
28 118
29 68
29 94
29 44
29 109
29 123
29 61
30 104
30 109
31 36
32 79
32 37
34 68
35 134
35 44
36 43
36 44
36 48
36 50
36 64
36 67
36 197
36 80
36 88
36 109
37 43
37 44
37 52
37 54
37 55
37 57
37 68
37 78
37 80
37 83
37 99
40 66
40 68
40 99
40 41
41 195
41 82
41 92
41 95
41 99
41 104
41 107
41 45
41 121
41 60
42 195
42 68
42 142
42 150
42 87
42 43
42 44
42 50
42 54
42 57
42 58
43 44
43 48
43 55
43 56
43 58
43 59
43 67
43 68
43 201
43 74
43 77
43 78
43 80
43 81
43 99
43 104
43 111
44 142
44 45
44 48
44 50
44 58
44 64
44 68
44 83
44 90
44 99
44 109
44 123
45 68
45 83
45 90
45 104
45 110
46 83
46 165
46 57
48 50
48 54
48 55
48 68
48 76
48 78
48 79
48 83
48 90
48 99
48 101
48 114
49 68
49 76
49 78
49 80
49 155
49 170
49 117
49 55
49 57
49 63
50 55
50 57
50 68
50 78
50 83
50 95
50 99
51 66
51 68
51 80
51 83
51 112
51 54
51 57
52 117
52 53
52 54
52 57
53 132
53 117
53 54
53 57
54 132
54 154
54 183
54 57
54 66
54 67
54 68
54 76
54 112
54 117
55 56
55 57
55 58
55 66
55 76
55 78
55 79
55 83
55 88
55 246
56 66
56 76
56 78
56 80
56 81
56 99
57 132
57 58
57 67
57 68
57 70
57 112
57 117
58 68
58 76
58 83
58 90
59 66
59 99
59 219
60 82
61 106
62 66
62 99
63 66
63 80
64 83
64 100
66 68
66 74
66 80
66 83
66 95
66 99
66 112
67 132
67 136
67 154
67 109
67 117
68 129
68 264
68 142
68 150
68 165
68 78
68 80
68 83
68 90
68 93
68 95
68 99
68 109
69 80
70 99
70 117
74 82
74 105
74 110
76 99
76 132
76 78
76 84
76 117
76 119
76 155
78 80
78 83
78 99
78 117
80 81
80 99
80 104
82 195
82 107
82 92
83 90
84 117
87 142
88 99
90 109
91 121
92 195
92 107
94 123
99 104
101 175
103 109
104 105
108 195
111 117
113 230
117 256
117 132
117 119
117 154
123 181
123 127
125 158
129 170
134 244
135 246
146 147
165 166
